comments_watch%3Fv=QkW-0ewjiJw_reordered.txt_comments_watch%3Fv=QkW-0ewjiJw_reordered.txt_0	0.1407563025210084 0.06722689075630252 0.0819327731092437 0.052521008403361345 0.06722689075630252 0.052521008403361345 0.052521008403361345 0.052521008403361345 0.06722689075630252 0.06722689075630252 0.0819327731092437 0.06722689075630252 0.0819327731092437 0.06722689075630252 
comments_watch%3Fv=QkW-0ewjiJw_reordered.txt_comments_watch%3Fv=QkW-0ewjiJw_reordered.txt_1	0.06794425087108014 0.09233449477351915 0.04355400696864112 0.08013937282229965 0.08013937282229965 0.04355400696864112 0.08013937282229965 0.09233449477351915 0.09233449477351915 0.04355400696864112 0.1289198606271777 0.04355400696864112 0.04355400696864112 0.06794425087108014 
comments_watch%3Fv=QkW-0ewjiJw_reordered.txt_comments_watch%3Fv=QkW-0ewjiJw_reordered.txt_2	0.06637806637806637 0.12698412698412698 0.06637806637806637 0.05627705627705627 0.03607503607503608 0.05627705627705627 0.10678210678210678 0.07647907647907648 0.05627705627705627 0.03607503607503608 0.06637806637806637 0.05627705627705627 0.05627705627705627 0.1370851370851371 
comments_watch%3Fv=QkW-0ewjiJw_reordered.txt_comments_watch%3Fv=QkW-0ewjiJw_reordered.txt_3	0.06493506493506494 0.08311688311688312 0.06493506493506494 0.08311688311688312 0.08311688311688312 0.06493506493506494 0.06493506493506494 0.08311688311688312 0.06493506493506494 0.08311688311688312 0.06493506493506494 0.06493506493506494 0.06493506493506494 0.06493506493506494 
comments_watch%3Fv=QkW-0ewjiJw_reordered.txt_comments_watch%3Fv=QkW-0ewjiJw_reordered.txt_4	0.052545155993431854 0.04105090311986864 0.16748768472906403 0.04105090311986864 0.1330049261083744 0.04105090311986864 0.04105090311986864 0.1330049261083744 0.04105090311986864 0.04105090311986864 0.09852216748768472 0.052545155993431854 0.06403940886699507 0.052545155993431854 
comments_watch%3Fv=QkW-0ewjiJw_reordered.txt_comments_watch%3Fv=QkW-0ewjiJw_reordered.txt_5	0.05494505494505495 0.08571428571428572 0.07032967032967033 0.07032967032967033 0.1010989010989011 0.07032967032967033 0.07032967032967033 0.07032967032967033 0.05494505494505495 0.05494505494505495 0.05494505494505495 0.08571428571428572 0.07032967032967033 0.08571428571428572 
comments_watch%3Fv=QkW-0ewjiJw_reordered.txt_comments_watch%3Fv=QkW-0ewjiJw_reordered.txt_6	0.07619047619047618 0.09285714285714285 0.07619047619047618 0.05952380952380953 0.05952380952380953 0.05952380952380953 0.07619047619047618 0.09285714285714285 0.05952380952380953 0.05952380952380953 0.05952380952380953 0.05952380952380953 0.07619047619047618 0.09285714285714285 
comments_watch%3Fv=QkW-0ewjiJw_reordered.txt_comments_watch%3Fv=QkW-0ewjiJw_reordered.txt_7	0.08311688311688312 0.08311688311688312 0.06493506493506494 0.06493506493506494 0.08311688311688312 0.06493506493506494 0.06493506493506494 0.06493506493506494 0.08311688311688312 0.06493506493506494 0.06493506493506494 0.06493506493506494 0.06493506493506494 0.08311688311688312 
comments_watch%3Fv=QkW-0ewjiJw_reordered.txt_comments_watch%3Fv=QkW-0ewjiJw_reordered.txt_8	0.10129870129870129 0.06493506493506494 0.06493506493506494 0.08311688311688312 0.06493506493506494 0.06493506493506494 0.06493506493506494 0.08311688311688312 0.06493506493506494 0.06493506493506494 0.06493506493506494 0.06493506493506494 0.06493506493506494 0.08311688311688312 
comments_watch%3Fv=QkW-0ewjiJw_reordered.txt_comments_watch%3Fv=QkW-0ewjiJw_reordered.txt_9	0.06625258799171842 0.09523809523809523 0.051759834368530024 0.051759834368530024 0.12422360248447205 0.06625258799171842 0.08074534161490683 0.06625258799171842 0.06625258799171842 0.08074534161490683 0.06625258799171842 0.06625258799171842 0.051759834368530024 0.06625258799171842 
comments_watch%3Fv=QkW-0ewjiJw_reordered.txt_comments_watch%3Fv=QkW-0ewjiJw_reordered.txt_10	0.06053268765133172 0.09443099273607748 0.07748184019370459 0.07748184019370459 0.06053268765133172 0.06053268765133172 0.06053268765133172 0.06053268765133172 0.06053268765133172 0.09443099273607748 0.06053268765133172 0.09443099273607748 0.06053268765133172 0.07748184019370459 
comments_watch%3Fv=QkW-0ewjiJw_reordered.txt_comments_watch%3Fv=QkW-0ewjiJw_reordered.txt_11	0.07373271889400922 0.10599078341013825 0.0576036866359447 0.0576036866359447 0.07373271889400922 0.08986175115207373 0.07373271889400922 0.0576036866359447 0.0576036866359447 0.0576036866359447 0.07373271889400922 0.08986175115207373 0.0576036866359447 0.07373271889400922 
comments_watch%3Fv=QkW-0ewjiJw_reordered.txt_comments_watch%3Fv=QkW-0ewjiJw_reordered.txt_12	0.06053268765133172 0.09443099273607748 0.06053268765133172 0.06053268765133172 0.06053268765133172 0.11138014527845036 0.06053268765133172 0.06053268765133172 0.06053268765133172 0.07748184019370459 0.07748184019370459 0.06053268765133172 0.06053268765133172 0.09443099273607748 
comments_watch%3Fv=QkW-0ewjiJw_reordered.txt_comments_watch%3Fv=QkW-0ewjiJw_reordered.txt_13	0.06493506493506494 0.08311688311688312 0.06493506493506494 0.06493506493506494 0.10129870129870129 0.06493506493506494 0.06493506493506494 0.06493506493506494 0.08311688311688312 0.08311688311688312 0.06493506493506494 0.06493506493506494 0.06493506493506494 0.06493506493506494 
comments_watch%3Fv=QkW-0ewjiJw_reordered.txt_comments_watch%3Fv=QkW-0ewjiJw_reordered.txt_14	0.07373271889400922 0.08986175115207373 0.0576036866359447 0.08986175115207373 0.0576036866359447 0.07373271889400922 0.0576036866359447 0.10599078341013825 0.0576036866359447 0.0576036866359447 0.08986175115207373 0.0576036866359447 0.0576036866359447 0.07373271889400922 
comments_watch%3Fv=QkW-0ewjiJw_reordered.txt_comments_watch%3Fv=QkW-0ewjiJw_reordered.txt_15	0.10599078341013825 0.0576036866359447 0.07373271889400922 0.0576036866359447 0.0576036866359447 0.0576036866359447 0.07373271889400922 0.0576036866359447 0.0576036866359447 0.07373271889400922 0.08986175115207373 0.07373271889400922 0.0576036866359447 0.10599078341013825 
comments_watch%3Fv=QkW-0ewjiJw_reordered.txt_comments_watch%3Fv=QkW-0ewjiJw_reordered.txt_16	0.05668934240362812 0.08843537414965986 0.05668934240362812 0.08843537414965986 0.07256235827664399 0.05668934240362812 0.07256235827664399 0.12018140589569161 0.05668934240362812 0.05668934240362812 0.07256235827664399 0.08843537414965986 0.05668934240362812 0.05668934240362812 
comments_watch%3Fv=QkW-0ewjiJw_reordered.txt_comments_watch%3Fv=QkW-0ewjiJw_reordered.txt_17	0.09523809523809523 0.0619047619047619 0.073015873015873 0.09523809523809523 0.11746031746031746 0.0619047619047619 0.0619047619047619 0.08412698412698412 0.0619047619047619 0.0619047619047619 0.03968253968253969 0.08412698412698412 0.050793650793650794 0.050793650793650794 
comments_watch%3Fv=QkW-0ewjiJw_reordered.txt_comments_watch%3Fv=QkW-0ewjiJw_reordered.txt_18	0.06493506493506494 0.08311688311688312 0.06493506493506494 0.08311688311688312 0.06493506493506494 0.06493506493506494 0.06493506493506494 0.06493506493506494 0.06493506493506494 0.06493506493506494 0.06493506493506494 0.10129870129870129 0.06493506493506494 0.08311688311688312 
comments_watch%3Fv=QkW-0ewjiJw_reordered.txt_comments_watch%3Fv=QkW-0ewjiJw_reordered.txt_19	0.06377551020408163 0.09948979591836735 0.06377551020408163 0.06377551020408163 0.06377551020408163 0.08163265306122448 0.06377551020408163 0.06377551020408163 0.06377551020408163 0.06377551020408163 0.06377551020408163 0.08163265306122448 0.06377551020408163 0.09948979591836735 
comments_watch%3Fv=QkW-0ewjiJw_reordered.txt_comments_watch%3Fv=QkW-0ewjiJw_reordered.txt_20	0.0879120879120879 0.06868131868131869 0.06868131868131869 0.06868131868131869 0.06868131868131869 0.06868131868131869 0.06868131868131869 0.0879120879120879 0.06868131868131869 0.06868131868131869 0.06868131868131869 0.06868131868131869 0.06868131868131869 0.06868131868131869 
comments_watch%3Fv=QkW-0ewjiJw_reordered.txt_comments_watch%3Fv=QkW-0ewjiJw_reordered.txt_21	0.05952380952380953 0.07619047619047618 0.07619047619047618 0.05952380952380953 0.05952380952380953 0.05952380952380953 0.05952380952380953 0.05952380952380953 0.07619047619047618 0.07619047619047618 0.09285714285714285 0.07619047619047618 0.10952380952380952 0.05952380952380953 
comments_watch%3Fv=QkW-0ewjiJw_reordered.txt_comments_watch%3Fv=QkW-0ewjiJw_reordered.txt_22	0.08465608465608465 0.06613756613756615 0.08465608465608465 0.06613756613756615 0.06613756613756615 0.06613756613756615 0.06613756613756615 0.06613756613756615 0.06613756613756615 0.06613756613756615 0.06613756613756615 0.06613756613756615 0.08465608465608465 0.08465608465608465 
comments_watch%3Fv=QkW-0ewjiJw_reordered.txt_comments_watch%3Fv=QkW-0ewjiJw_reordered.txt_23	0.043126684636118594 0.1091644204851752 0.043126684636118594 0.07142857142857142 0.09973045822102426 0.1280323450134771 0.06199460916442048 0.09029649595687331 0.043126684636118594 0.05256064690026954 0.05256064690026954 0.043126684636118594 0.11859838274932614 0.043126684636118594 
comments_watch%3Fv=QkW-0ewjiJw_reordered.txt_comments_watch%3Fv=QkW-0ewjiJw_reordered.txt_24	0.0700280112044818 0.0700280112044818 0.0700280112044818 0.0896358543417367 0.0700280112044818 0.0700280112044818 0.0700280112044818 0.0700280112044818 0.0700280112044818 0.0700280112044818 0.0700280112044818 0.0700280112044818 0.0700280112044818 0.0700280112044818 
comments_watch%3Fv=QkW-0ewjiJw_reordered.txt_comments_watch%3Fv=QkW-0ewjiJw_reordered.txt_25	0.0700280112044818 0.0700280112044818 0.0700280112044818 0.0700280112044818 0.0896358543417367 0.0700280112044818 0.0700280112044818 0.0700280112044818 0.0700280112044818 0.0700280112044818 0.0700280112044818 0.0700280112044818 0.0700280112044818 0.0700280112044818 
comments_watch%3Fv=QkW-0ewjiJw_reordered.txt_comments_watch%3Fv=QkW-0ewjiJw_reordered.txt_26	0.052521008403361345 0.0819327731092437 0.052521008403361345 0.0819327731092437 0.052521008403361345 0.052521008403361345 0.06722689075630252 0.11134453781512604 0.052521008403361345 0.052521008403361345 0.0819327731092437 0.0819327731092437 0.0819327731092437 0.09663865546218486 
comments_watch%3Fv=QkW-0ewjiJw_reordered.txt_comments_watch%3Fv=QkW-0ewjiJw_reordered.txt_27	0.052521008403361345 0.06722689075630252 0.06722689075630252 0.11134453781512604 0.052521008403361345 0.06722689075630252 0.06722689075630252 0.06722689075630252 0.052521008403361345 0.11134453781512604 0.0819327731092437 0.0819327731092437 0.06722689075630252 0.052521008403361345 
comments_watch%3Fv=QkW-0ewjiJw_reordered.txt_comments_watch%3Fv=QkW-0ewjiJw_reordered.txt_28	0.06265664160401002 0.06265664160401002 0.06265664160401002 0.08020050125313283 0.06265664160401002 0.08020050125313283 0.06265664160401002 0.06265664160401002 0.06265664160401002 0.09774436090225563 0.09774436090225563 0.06265664160401002 0.08020050125313283 0.06265664160401002 
comments_watch%3Fv=QkW-0ewjiJw_reordered.txt_comments_watch%3Fv=QkW-0ewjiJw_reordered.txt_29	0.06377551020408163 0.09948979591836735 0.06377551020408163 0.06377551020408163 0.06377551020408163 0.06377551020408163 0.08163265306122448 0.06377551020408163 0.06377551020408163 0.06377551020408163 0.09948979591836735 0.08163265306122448 0.06377551020408163 0.06377551020408163 
comments_watch%3Fv=QkW-0ewjiJw_reordered.txt_comments_watch%3Fv=QkW-0ewjiJw_reordered.txt_30	0.07142857142857144 0.07142857142857144 0.07142857142857144 0.07142857142857144 0.07142857142857144 0.07142857142857144 0.07142857142857144 0.07142857142857144 0.07142857142857144 0.07142857142857144 0.07142857142857144 0.07142857142857144 0.07142857142857144 0.07142857142857144 
comments_watch%3Fv=QkW-0ewjiJw_reordered.txt_comments_watch%3Fv=QkW-0ewjiJw_reordered.txt_31	0.07142857142857144 0.07142857142857144 0.07142857142857144 0.07142857142857144 0.07142857142857144 0.07142857142857144 0.07142857142857144 0.07142857142857144 0.07142857142857144 0.07142857142857144 0.07142857142857144 0.07142857142857144 0.07142857142857144 0.07142857142857144 
comments_watch%3Fv=QkW-0ewjiJw_reordered.txt_comments_watch%3Fv=QkW-0ewjiJw_reordered.txt_32	0.08571428571428572 0.1010989010989011 0.1010989010989011 0.07032967032967033 0.05494505494505495 0.07032967032967033 0.05494505494505495 0.07032967032967033 0.05494505494505495 0.05494505494505495 0.05494505494505495 0.1010989010989011 0.05494505494505495 0.07032967032967033 
comments_watch%3Fv=QkW-0ewjiJw_reordered.txt_comments_watch%3Fv=QkW-0ewjiJw_reordered.txt_33	0.06613756613756615 0.06613756613756615 0.12169312169312169 0.08465608465608465 0.06613756613756615 0.06613756613756615 0.06613756613756615 0.06613756613756615 0.06613756613756615 0.06613756613756615 0.06613756613756615 0.06613756613756615 0.06613756613756615 0.06613756613756615 
comments_watch%3Fv=QkW-0ewjiJw_reordered.txt_comments_watch%3Fv=QkW-0ewjiJw_reordered.txt_34	0.0700280112044818 0.0700280112044818 0.0700280112044818 0.0700280112044818 0.0700280112044818 0.0896358543417367 0.0700280112044818 0.0700280112044818 0.0700280112044818 0.0700280112044818 0.0700280112044818 0.0700280112044818 0.0700280112044818 0.0700280112044818 
comments_watch%3Fv=QkW-0ewjiJw_reordered.txt_comments_watch%3Fv=QkW-0ewjiJw_reordered.txt_35	0.07032967032967033 0.07032967032967033 0.05494505494505495 0.11648351648351649 0.07032967032967033 0.07032967032967033 0.05494505494505495 0.05494505494505495 0.11648351648351649 0.05494505494505495 0.05494505494505495 0.05494505494505495 0.05494505494505495 0.1010989010989011 
comments_watch%3Fv=QkW-0ewjiJw_reordered.txt_comments_watch%3Fv=QkW-0ewjiJw_reordered.txt_36	0.05494505494505495 0.05494505494505495 0.07032967032967033 0.05494505494505495 0.07032967032967033 0.08571428571428572 0.05494505494505495 0.08571428571428572 0.08571428571428572 0.07032967032967033 0.05494505494505495 0.1010989010989011 0.07032967032967033 0.08571428571428572 
comments_watch%3Fv=QkW-0ewjiJw_reordered.txt_comments_watch%3Fv=QkW-0ewjiJw_reordered.txt_37	0.06318681318681318 0.0728021978021978 0.08241758241758242 0.09203296703296703 0.04395604395604395 0.08241758241758242 0.05357142857142857 0.1304945054945055 0.05357142857142857 0.06318681318681318 0.06318681318681318 0.0728021978021978 0.0728021978021978 0.05357142857142857 
comments_watch%3Fv=QkW-0ewjiJw_reordered.txt_comments_watch%3Fv=QkW-0ewjiJw_reordered.txt_38	0.06493506493506494 0.08311688311688312 0.08311688311688312 0.06493506493506494 0.06493506493506494 0.06493506493506494 0.08311688311688312 0.06493506493506494 0.06493506493506494 0.08311688311688312 0.06493506493506494 0.06493506493506494 0.06493506493506494 0.08311688311688312 
comments_watch%3Fv=QkW-0ewjiJw_reordered.txt_comments_watch%3Fv=QkW-0ewjiJw_reordered.txt_39	0.05330490405117271 0.05330490405117271 0.06823027718550106 0.08315565031982942 0.08315565031982942 0.06823027718550106 0.05330490405117271 0.11300639658848614 0.11300639658848614 0.05330490405117271 0.06823027718550106 0.06823027718550106 0.06823027718550106 0.05330490405117271 
comments_watch%3Fv=QkW-0ewjiJw_reordered.txt_comments_watch%3Fv=QkW-0ewjiJw_reordered.txt_40	0.0888030888030888 0.06177606177606177 0.0888030888030888 0.07528957528957529 0.1023166023166023 0.04826254826254826 0.06177606177606177 0.07528957528957529 0.07528957528957529 0.0888030888030888 0.04826254826254826 0.04826254826254826 0.06177606177606177 0.07528957528957529 
comments_watch%3Fv=QkW-0ewjiJw_reordered.txt_comments_watch%3Fv=QkW-0ewjiJw_reordered.txt_41	0.11964285714285713 0.05714285714285714 0.06964285714285715 0.10714285714285714 0.06964285714285715 0.044642857142857144 0.05714285714285714 0.08214285714285714 0.06964285714285715 0.05714285714285714 0.044642857142857144 0.06964285714285715 0.05714285714285714 0.09464285714285714 
comments_watch%3Fv=QkW-0ewjiJw_reordered.txt_comments_watch%3Fv=QkW-0ewjiJw_reordered.txt_42	0.06868131868131869 0.06868131868131869 0.06868131868131869 0.06868131868131869 0.06868131868131869 0.06868131868131869 0.06868131868131869 0.06868131868131869 0.06868131868131869 0.06868131868131869 0.06868131868131869 0.10714285714285714 0.06868131868131869 0.06868131868131869 
comments_watch%3Fv=QkW-0ewjiJw_reordered.txt_comments_watch%3Fv=QkW-0ewjiJw_reordered.txt_43	0.05507745266781411 0.04302925989672978 0.07917383820998279 0.05507745266781411 0.05507745266781411 0.13941480206540446 0.10327022375215146 0.05507745266781411 0.10327022375215146 0.05507745266781411 0.07917383820998279 0.07917383820998279 0.04302925989672978 0.05507745266781411 
comments_watch%3Fv=QkW-0ewjiJw_reordered.txt_comments_watch%3Fv=QkW-0ewjiJw_reordered.txt_44	0.05409153952843273 0.04438280166435506 0.03467406380027739 0.0638002773925104 0.17059639389736478 0.0638002773925104 0.04438280166435506 0.04438280166435506 0.0638002773925104 0.0638002773925104 0.07350901525658807 0.08321775312066573 0.07350901525658807 0.12205270457697642 
comments_watch%3Fv=QkW-0ewjiJw_reordered.txt_comments_watch%3Fv=QkW-0ewjiJw_reordered.txt_45	0.0700280112044818 0.0700280112044818 0.0700280112044818 0.0700280112044818 0.0700280112044818 0.0700280112044818 0.0700280112044818 0.0896358543417367 0.0700280112044818 0.0700280112044818 0.0700280112044818 0.0700280112044818 0.0700280112044818 0.0700280112044818 
comments_watch%3Fv=QkW-0ewjiJw_reordered.txt_comments_watch%3Fv=QkW-0ewjiJw_reordered.txt_46	0.05668934240362812 0.07256235827664399 0.07256235827664399 0.05668934240362812 0.07256235827664399 0.05668934240362812 0.08843537414965986 0.10430839002267574 0.05668934240362812 0.05668934240362812 0.08843537414965986 0.05668934240362812 0.08843537414965986 0.07256235827664399 
comments_watch%3Fv=QkW-0ewjiJw_reordered.txt_comments_watch%3Fv=QkW-0ewjiJw_reordered.txt_47	0.06157635467980296 0.06157635467980296 0.07881773399014778 0.07881773399014778 0.07881773399014778 0.0960591133004926 0.07881773399014778 0.06157635467980296 0.06157635467980296 0.07881773399014778 0.06157635467980296 0.06157635467980296 0.07881773399014778 0.06157635467980296 
comments_watch%3Fv=QkW-0ewjiJw_reordered.txt_comments_watch%3Fv=QkW-0ewjiJw_reordered.txt_48	0.06613756613756615 0.10317460317460317 0.06613756613756615 0.06613756613756615 0.08465608465608465 0.06613756613756615 0.08465608465608465 0.06613756613756615 0.06613756613756615 0.06613756613756615 0.06613756613756615 0.06613756613756615 0.06613756613756615 0.06613756613756615 
comments_watch%3Fv=QkW-0ewjiJw_reordered.txt_comments_watch%3Fv=QkW-0ewjiJw_reordered.txt_49	0.06377551020408163 0.09948979591836735 0.06377551020408163 0.08163265306122448 0.06377551020408163 0.06377551020408163 0.08163265306122448 0.06377551020408163 0.06377551020408163 0.08163265306122448 0.08163265306122448 0.06377551020408163 0.06377551020408163 0.06377551020408163 
comments_watch%3Fv=QkW-0ewjiJw_reordered.txt_comments_watch%3Fv=QkW-0ewjiJw_reordered.txt_50	0.05580357142857143 0.10267857142857142 0.07142857142857142 0.07142857142857142 0.07142857142857142 0.05580357142857143 0.08705357142857142 0.07142857142857142 0.05580357142857143 0.05580357142857143 0.07142857142857142 0.07142857142857142 0.08705357142857142 0.07142857142857142 
comments_watch%3Fv=QkW-0ewjiJw_reordered.txt_comments_watch%3Fv=QkW-0ewjiJw_reordered.txt_51	0.0585480093676815 0.09133489461358313 0.0585480093676815 0.09133489461358313 0.0585480093676815 0.0585480093676815 0.0585480093676815 0.0585480093676815 0.12412177985948478 0.07494145199063232 0.0585480093676815 0.0585480093676815 0.0585480093676815 0.09133489461358313 
comments_watch%3Fv=QkW-0ewjiJw_reordered.txt_comments_watch%3Fv=QkW-0ewjiJw_reordered.txt_52	0.07142857142857142 0.07142857142857142 0.09706959706959707 0.05860805860805861 0.04578754578754579 0.04578754578754579 0.07142857142857142 0.07142857142857142 0.05860805860805861 0.04578754578754579 0.05860805860805861 0.05860805860805861 0.10989010989010989 0.13553113553113552 
comments_watch%3Fv=QkW-0ewjiJw_reordered.txt_comments_watch%3Fv=QkW-0ewjiJw_reordered.txt_53	0.09133489461358313 0.07494145199063232 0.0585480093676815 0.0585480093676815 0.0585480093676815 0.0585480093676815 0.07494145199063232 0.0585480093676815 0.07494145199063232 0.07494145199063232 0.0585480093676815 0.09133489461358313 0.07494145199063232 0.09133489461358313 
comments_watch%3Fv=QkW-0ewjiJw_reordered.txt_comments_watch%3Fv=QkW-0ewjiJw_reordered.txt_54	0.08465608465608465 0.06613756613756615 0.06613756613756615 0.06613756613756615 0.06613756613756615 0.06613756613756615 0.08465608465608465 0.06613756613756615 0.10317460317460317 0.06613756613756615 0.06613756613756615 0.06613756613756615 0.06613756613756615 0.06613756613756615 
comments_watch%3Fv=QkW-0ewjiJw_reordered.txt_comments_watch%3Fv=QkW-0ewjiJw_reordered.txt_55	0.0700280112044818 0.0896358543417367 0.0700280112044818 0.0700280112044818 0.0700280112044818 0.0700280112044818 0.0700280112044818 0.0700280112044818 0.0700280112044818 0.0700280112044818 0.0700280112044818 0.0700280112044818 0.0700280112044818 0.0700280112044818 
comments_watch%3Fv=QkW-0ewjiJw_reordered.txt_comments_watch%3Fv=QkW-0ewjiJw_reordered.txt_56	0.06868131868131869 0.06868131868131869 0.06868131868131869 0.06868131868131869 0.0879120879120879 0.06868131868131869 0.06868131868131869 0.06868131868131869 0.06868131868131869 0.06868131868131869 0.06868131868131869 0.06868131868131869 0.0879120879120879 0.06868131868131869 
comments_watch%3Fv=QkW-0ewjiJw_reordered.txt_comments_watch%3Fv=QkW-0ewjiJw_reordered.txt_57	0.05952380952380953 0.05952380952380953 0.09285714285714285 0.05952380952380953 0.05952380952380953 0.05952380952380953 0.07619047619047618 0.07619047619047618 0.05952380952380953 0.05952380952380953 0.07619047619047618 0.10952380952380952 0.05952380952380953 0.09285714285714285 
comments_watch%3Fv=QkW-0ewjiJw_reordered.txt_comments_watch%3Fv=QkW-0ewjiJw_reordered.txt_58	0.05102040816326531 0.05102040816326531 0.09387755102040816 0.09387755102040816 0.05102040816326531 0.07959183673469387 0.07959183673469387 0.10816326530612244 0.05102040816326531 0.09387755102040816 0.05102040816326531 0.05102040816326531 0.05102040816326531 0.09387755102040816 
comments_watch%3Fv=QkW-0ewjiJw_reordered.txt_comments_watch%3Fv=QkW-0ewjiJw_reordered.txt_59	0.09766763848396501 0.07725947521865889 0.06705539358600583 0.11807580174927114 0.06705539358600583 0.06705539358600583 0.056851311953352766 0.06705539358600583 0.056851311953352766 0.056851311953352766 0.06705539358600583 0.07725947521865889 0.06705539358600583 0.056851311953352766 
comments_watch%3Fv=QkW-0ewjiJw_reordered.txt_comments_watch%3Fv=QkW-0ewjiJw_reordered.txt_60	0.050793650793650794 0.0619047619047619 0.073015873015873 0.08412698412698412 0.0619047619047619 0.073015873015873 0.10634920634920635 0.08412698412698412 0.050793650793650794 0.03968253968253969 0.09523809523809523 0.10634920634920635 0.073015873015873 0.03968253968253969 
comments_watch%3Fv=QkW-0ewjiJw_reordered.txt_comments_watch%3Fv=QkW-0ewjiJw_reordered.txt_61	0.06055900621118012 0.049689440993788817 0.12577639751552794 0.09316770186335403 0.07142857142857142 0.10403726708074534 0.06055900621118012 0.06055900621118012 0.07142857142857142 0.03881987577639752 0.07142857142857142 0.09316770186335403 0.03881987577639752 0.06055900621118012 
comments_watch%3Fv=QkW-0ewjiJw_reordered.txt_comments_watch%3Fv=QkW-0ewjiJw_reordered.txt_62	0.06738544474393532 0.06738544474393532 0.06738544474393532 0.06738544474393532 0.06738544474393532 0.06738544474393532 0.06738544474393532 0.06738544474393532 0.06738544474393532 0.08625336927223719 0.06738544474393532 0.08625336927223719 0.06738544474393532 0.08625336927223719 
comments_watch%3Fv=QkW-0ewjiJw_reordered.txt_comments_watch%3Fv=QkW-0ewjiJw_reordered.txt_63	0.06613756613756615 0.06613756613756615 0.06613756613756615 0.08465608465608465 0.10317460317460317 0.06613756613756615 0.06613756613756615 0.06613756613756615 0.06613756613756615 0.06613756613756615 0.08465608465608465 0.06613756613756615 0.06613756613756615 0.06613756613756615 
comments_watch%3Fv=QkW-0ewjiJw_reordered.txt_comments_watch%3Fv=QkW-0ewjiJw_reordered.txt_64	0.05714285714285714 0.05714285714285714 0.08214285714285714 0.06964285714285715 0.06964285714285715 0.08214285714285714 0.05714285714285714 0.05714285714285714 0.05714285714285714 0.13214285714285715 0.08214285714285714 0.05714285714285714 0.044642857142857144 0.09464285714285714 
comments_watch%3Fv=QkW-0ewjiJw_reordered.txt_comments_watch%3Fv=QkW-0ewjiJw_reordered.txt_65	0.06265664160401002 0.08020050125313283 0.08020050125313283 0.06265664160401002 0.06265664160401002 0.06265664160401002 0.06265664160401002 0.08020050125313283 0.08020050125313283 0.08020050125313283 0.06265664160401002 0.06265664160401002 0.09774436090225563 0.06265664160401002 
comments_watch%3Fv=QkW-0ewjiJw_reordered.txt_comments_watch%3Fv=QkW-0ewjiJw_reordered.txt_66	0.0638002773925104 0.0638002773925104 0.10263522884882108 0.04438280166435506 0.07350901525658807 0.05409153952843273 0.0638002773925104 0.05409153952843273 0.04438280166435506 0.07350901525658807 0.07350901525658807 0.04438280166435506 0.17059639389736478 0.07350901525658807 
comments_watch%3Fv=QkW-0ewjiJw_reordered.txt_comments_watch%3Fv=QkW-0ewjiJw_reordered.txt_67	0.12292358803986711 0.05315614617940199 0.06478405315614617 0.06478405315614617 0.05315614617940199 0.05315614617940199 0.07641196013289037 0.06478405315614617 0.11129568106312292 0.05315614617940199 0.05315614617940199 0.06478405315614617 0.06478405315614617 0.09966777408637874 
comments_watch%3Fv=QkW-0ewjiJw_reordered.txt_comments_watch%3Fv=QkW-0ewjiJw_reordered.txt_68	0.03571428571428572 0.11571428571428571 0.06571428571428571 0.03571428571428572 0.1457142857142857 0.0757142857142857 0.045714285714285714 0.08571428571428572 0.045714285714285714 0.03571428571428572 0.0757142857142857 0.11571428571428571 0.0757142857142857 0.045714285714285714 
comments_watch%3Fv=QkW-0ewjiJw_reordered.txt_comments_watch%3Fv=QkW-0ewjiJw_reordered.txt_69	0.05516265912305516 0.045261669024045256 0.05516265912305516 0.045261669024045256 0.03536067892503536 0.045261669024045256 0.09476661951909476 0.09476661951909476 0.11456859971711457 0.06506364922206506 0.10466760961810466 0.14427157001414426 0.045261669024045256 0.05516265912305516 
comments_watch%3Fv=QkW-0ewjiJw_reordered.txt_comments_watch%3Fv=QkW-0ewjiJw_reordered.txt_70	0.07881773399014778 0.06157635467980296 0.06157635467980296 0.06157635467980296 0.06157635467980296 0.07881773399014778 0.06157635467980296 0.06157635467980296 0.06157635467980296 0.0960591133004926 0.0960591133004926 0.06157635467980296 0.07881773399014778 0.07881773399014778 
comments_watch%3Fv=QkW-0ewjiJw_reordered.txt_comments_watch%3Fv=QkW-0ewjiJw_reordered.txt_71	0.0879120879120879 0.06868131868131869 0.06868131868131869 0.06868131868131869 0.06868131868131869 0.06868131868131869 0.06868131868131869 0.06868131868131869 0.06868131868131869 0.06868131868131869 0.06868131868131869 0.06868131868131869 0.06868131868131869 0.0879120879120879 
comments_watch%3Fv=QkW-0ewjiJw_reordered.txt_comments_watch%3Fv=QkW-0ewjiJw_reordered.txt_72	0.06868131868131869 0.06868131868131869 0.06868131868131869 0.06868131868131869 0.06868131868131869 0.06868131868131869 0.06868131868131869 0.06868131868131869 0.06868131868131869 0.06868131868131869 0.10714285714285714 0.06868131868131869 0.06868131868131869 0.06868131868131869 
comments_watch%3Fv=QkW-0ewjiJw_reordered.txt_comments_watch%3Fv=QkW-0ewjiJw_reordered.txt_73	0.06157635467980296 0.07881773399014778 0.06157635467980296 0.07881773399014778 0.06157635467980296 0.06157635467980296 0.07881773399014778 0.06157635467980296 0.06157635467980296 0.06157635467980296 0.07881773399014778 0.07881773399014778 0.11330049261083744 0.06157635467980296 
comments_watch%3Fv=QkW-0ewjiJw_reordered.txt_comments_watch%3Fv=QkW-0ewjiJw_reordered.txt_74	0.08020050125313283 0.08020050125313283 0.08020050125313283 0.06265664160401002 0.08020050125313283 0.06265664160401002 0.06265664160401002 0.06265664160401002 0.06265664160401002 0.06265664160401002 0.08020050125313283 0.09774436090225563 0.06265664160401002 0.06265664160401002 
comments_watch%3Fv=QkW-0ewjiJw_reordered.txt_comments_watch%3Fv=QkW-0ewjiJw_reordered.txt_75	0.15688775510204084 0.0586734693877551 0.04974489795918367 0.11224489795918367 0.08545918367346939 0.04974489795918367 0.04081632653061224 0.06760204081632652 0.04974489795918367 0.04081632653061224 0.0586734693877551 0.0586734693877551 0.06760204081632652 0.10331632653061225 
comments_watch%3Fv=QkW-0ewjiJw_reordered.txt_comments_watch%3Fv=QkW-0ewjiJw_reordered.txt_76	0.06613756613756615 0.06613756613756615 0.06613756613756615 0.06613756613756615 0.08465608465608465 0.06613756613756615 0.06613756613756615 0.06613756613756615 0.08465608465608465 0.08465608465608465 0.06613756613756615 0.06613756613756615 0.08465608465608465 0.06613756613756615 
comments_watch%3Fv=QkW-0ewjiJw_reordered.txt_comments_watch%3Fv=QkW-0ewjiJw_reordered.txt_77	0.06141522029372497 0.09879839786381842 0.0520694259012016 0.09879839786381842 0.09879839786381842 0.07076101468624833 0.042723631508678236 0.06141522029372497 0.11748998664886515 0.06141522029372497 0.0520694259012016 0.07076101468624833 0.0520694259012016 0.06141522029372497 
comments_watch%3Fv=QkW-0ewjiJw_reordered.txt_comments_watch%3Fv=QkW-0ewjiJw_reordered.txt_78	0.07881773399014778 0.07881773399014778 0.06157635467980296 0.06157635467980296 0.06157635467980296 0.06157635467980296 0.07881773399014778 0.0960591133004926 0.06157635467980296 0.0960591133004926 0.06157635467980296 0.06157635467980296 0.07881773399014778 0.06157635467980296 
comments_watch%3Fv=QkW-0ewjiJw_reordered.txt_comments_watch%3Fv=QkW-0ewjiJw_reordered.txt_79	0.08761904761904761 0.08761904761904761 0.06095238095238095 0.10095238095238095 0.06095238095238095 0.04761904761904762 0.04761904761904762 0.07428571428571429 0.04761904761904762 0.07428571428571429 0.06095238095238095 0.08761904761904761 0.06095238095238095 0.10095238095238095 
comments_watch%3Fv=QkW-0ewjiJw_reordered.txt_comments_watch%3Fv=QkW-0ewjiJw_reordered.txt_80	0.07619047619047618 0.05952380952380953 0.1595238095238095 0.07619047619047618 0.07619047619047618 0.05952380952380953 0.07619047619047618 0.05952380952380953 0.05952380952380953 0.05952380952380953 0.05952380952380953 0.05952380952380953 0.05952380952380953 0.05952380952380953 
comments_watch%3Fv=QkW-0ewjiJw_reordered.txt_comments_watch%3Fv=QkW-0ewjiJw_reordered.txt_81	0.05030181086519115 0.07847082494969819 0.13480885311871227 0.06438631790744466 0.05030181086519115 0.06438631790744466 0.05030181086519115 0.05030181086519115 0.07847082494969819 0.06438631790744466 0.10663983903420522 0.06438631790744466 0.07847082494969819 0.06438631790744466 
comments_watch%3Fv=QkW-0ewjiJw_reordered.txt_comments_watch%3Fv=QkW-0ewjiJw_reordered.txt_82	0.06157635467980296 0.06157635467980296 0.07881773399014778 0.0960591133004926 0.06157635467980296 0.06157635467980296 0.0960591133004926 0.06157635467980296 0.06157635467980296 0.07881773399014778 0.06157635467980296 0.06157635467980296 0.0960591133004926 0.06157635467980296 
comments_watch%3Fv=QkW-0ewjiJw_reordered.txt_comments_watch%3Fv=QkW-0ewjiJw_reordered.txt_83	0.07142857142857142 0.08705357142857142 0.10267857142857142 0.05580357142857143 0.05580357142857143 0.05580357142857143 0.07142857142857142 0.08705357142857142 0.11830357142857142 0.05580357142857143 0.07142857142857142 0.05580357142857143 0.05580357142857143 0.05580357142857143 
comments_watch%3Fv=QkW-0ewjiJw_reordered.txt_comments_watch%3Fv=QkW-0ewjiJw_reordered.txt_84	0.06262230919765166 0.06262230919765166 0.048923679060665366 0.06262230919765166 0.13111545988258316 0.048923679060665366 0.048923679060665366 0.048923679060665366 0.11741682974559686 0.06262230919765166 0.09001956947162426 0.09001956947162426 0.06262230919765166 0.06262230919765166 
comments_watch%3Fv=QkW-0ewjiJw_reordered.txt_comments_watch%3Fv=QkW-0ewjiJw_reordered.txt_85	0.06712564543889844 0.06712564543889844 0.05507745266781411 0.10327022375215146 0.06712564543889844 0.05507745266781411 0.06712564543889844 0.12736660929432014 0.04302925989672978 0.06712564543889844 0.07917383820998279 0.07917383820998279 0.07917383820998279 0.04302925989672978 
comments_watch%3Fv=QkW-0ewjiJw_reordered.txt_comments_watch%3Fv=QkW-0ewjiJw_reordered.txt_86	0.07528957528957529 0.06177606177606177 0.04826254826254826 0.07528957528957529 0.06177606177606177 0.0888030888030888 0.07528957528957529 0.0888030888030888 0.06177606177606177 0.06177606177606177 0.1023166023166023 0.04826254826254826 0.0888030888030888 0.06177606177606177 
comments_watch%3Fv=QkW-0ewjiJw_reordered.txt_comments_watch%3Fv=QkW-0ewjiJw_reordered.txt_87	0.12605042016806722 0.06722689075630252 0.0819327731092437 0.0819327731092437 0.052521008403361345 0.052521008403361345 0.052521008403361345 0.052521008403361345 0.11134453781512604 0.06722689075630252 0.0819327731092437 0.06722689075630252 0.052521008403361345 0.052521008403361345 
comments_watch%3Fv=QkW-0ewjiJw_reordered.txt_comments_watch%3Fv=QkW-0ewjiJw_reordered.txt_88	0.08320251177394035 0.07221350078492936 0.061224489795918366 0.050235478806907374 0.050235478806907374 0.08320251177394035 0.08320251177394035 0.050235478806907374 0.08320251177394035 0.03924646781789639 0.09419152276295133 0.050235478806907374 0.14913657770800628 0.050235478806907374 
comments_watch%3Fv=QkW-0ewjiJw_reordered.txt_comments_watch%3Fv=QkW-0ewjiJw_reordered.txt_89	0.10952380952380952 0.05952380952380953 0.07619047619047618 0.07619047619047618 0.05952380952380953 0.05952380952380953 0.05952380952380953 0.07619047619047618 0.05952380952380953 0.05952380952380953 0.07619047619047618 0.05952380952380953 0.09285714285714285 0.07619047619047618 
comments_watch%3Fv=QkW-0ewjiJw_reordered.txt_comments_watch%3Fv=QkW-0ewjiJw_reordered.txt_90	0.06265664160401002 0.06265664160401002 0.09774436090225563 0.06265664160401002 0.08020050125313283 0.06265664160401002 0.06265664160401002 0.06265664160401002 0.06265664160401002 0.06265664160401002 0.09774436090225563 0.08020050125313283 0.06265664160401002 0.08020050125313283 
comments_watch%3Fv=QkW-0ewjiJw_reordered.txt_comments_watch%3Fv=QkW-0ewjiJw_reordered.txt_91	0.07076101468624833 0.07076101468624833 0.03337783711615488 0.08945260347129506 0.08945260347129506 0.0520694259012016 0.0520694259012016 0.13618157543391188 0.09879839786381842 0.06141522029372497 0.042723631508678236 0.06141522029372497 0.03337783711615488 0.10814419225634178 
comments_watch%3Fv=QkW-0ewjiJw_reordered.txt_comments_watch%3Fv=QkW-0ewjiJw_reordered.txt_92	0.06265664160401002 0.08020050125313283 0.06265664160401002 0.06265664160401002 0.08020050125313283 0.06265664160401002 0.08020050125313283 0.09774436090225563 0.06265664160401002 0.06265664160401002 0.06265664160401002 0.08020050125313283 0.08020050125313283 0.06265664160401002 
comments_watch%3Fv=QkW-0ewjiJw_reordered.txt_comments_watch%3Fv=QkW-0ewjiJw_reordered.txt_93	0.07494145199063232 0.07494145199063232 0.0585480093676815 0.07494145199063232 0.07494145199063232 0.0585480093676815 0.0585480093676815 0.07494145199063232 0.0585480093676815 0.10772833723653395 0.0585480093676815 0.0585480093676815 0.10772833723653395 0.0585480093676815 
comments_watch%3Fv=QkW-0ewjiJw_reordered.txt_comments_watch%3Fv=QkW-0ewjiJw_reordered.txt_94	0.06738544474393532 0.06738544474393532 0.06738544474393532 0.06738544474393532 0.08625336927223719 0.08625336927223719 0.08625336927223719 0.06738544474393532 0.06738544474393532 0.06738544474393532 0.06738544474393532 0.06738544474393532 0.06738544474393532 0.06738544474393532 
comments_watch%3Fv=QkW-0ewjiJw_reordered.txt_comments_watch%3Fv=QkW-0ewjiJw_reordered.txt_95	0.0896358543417367 0.0700280112044818 0.0700280112044818 0.0700280112044818 0.0700280112044818 0.0700280112044818 0.0700280112044818 0.0700280112044818 0.0700280112044818 0.0700280112044818 0.0700280112044818 0.0700280112044818 0.0700280112044818 0.0700280112044818 
comments_watch%3Fv=QkW-0ewjiJw_reordered.txt_comments_watch%3Fv=QkW-0ewjiJw_reordered.txt_96	0.059907834101382486 0.18894009216589863 0.04915514592933948 0.04915514592933948 0.09216589861751152 0.0706605222734255 0.0706605222734255 0.08141321044546851 0.04915514592933948 0.03840245775729647 0.04915514592933948 0.04915514592933948 0.08141321044546851 0.0706605222734255 
comments_watch%3Fv=QkW-0ewjiJw_reordered.txt_comments_watch%3Fv=QkW-0ewjiJw_reordered.txt_97	0.09663865546218486 0.0819327731092437 0.052521008403361345 0.06722689075630252 0.052521008403361345 0.06722689075630252 0.06722689075630252 0.052521008403361345 0.06722689075630252 0.09663865546218486 0.052521008403361345 0.11134453781512604 0.06722689075630252 0.06722689075630252 
comments_watch%3Fv=QkW-0ewjiJw_reordered.txt_comments_watch%3Fv=QkW-0ewjiJw_reordered.txt_98	0.06613756613756615 0.06613756613756615 0.06613756613756615 0.06613756613756615 0.08465608465608465 0.06613756613756615 0.06613756613756615 0.06613756613756615 0.06613756613756615 0.06613756613756615 0.08465608465608465 0.06613756613756615 0.08465608465608465 0.08465608465608465 
comments_watch%3Fv=QkW-0ewjiJw_reordered.txt_comments_watch%3Fv=QkW-0ewjiJw_reordered.txt_99	0.0700280112044818 0.0700280112044818 0.0896358543417367 0.0700280112044818 0.0700280112044818 0.0700280112044818 0.0700280112044818 0.0700280112044818 0.0700280112044818 0.0700280112044818 0.0700280112044818 0.0700280112044818 0.0700280112044818 0.0700280112044818 
comments_watch%3Fv=QkW-0ewjiJw_reordered.txt_comments_watch%3Fv=QkW-0ewjiJw_reordered.txt_100	0.05627705627705627 0.09668109668109667 0.05627705627705627 0.03607503607503608 0.046176046176046176 0.046176046176046176 0.03607503607503608 0.1370851370851371 0.046176046176046176 0.06637806637806637 0.05627705627705627 0.046176046176046176 0.08658008658008658 0.1875901875901876 
comments_watch%3Fv=QkW-0ewjiJw_reordered.txt_comments_watch%3Fv=QkW-0ewjiJw_reordered.txt_101	0.10599078341013825 0.07373271889400922 0.10599078341013825 0.0576036866359447 0.0576036866359447 0.0576036866359447 0.08986175115207373 0.08986175115207373 0.0576036866359447 0.0576036866359447 0.07373271889400922 0.0576036866359447 0.0576036866359447 0.0576036866359447 
comments_watch%3Fv=QkW-0ewjiJw_reordered.txt_comments_watch%3Fv=QkW-0ewjiJw_reordered.txt_102	0.052521008403361345 0.06722689075630252 0.052521008403361345 0.052521008403361345 0.09663865546218486 0.06722689075630252 0.052521008403361345 0.06722689075630252 0.09663865546218486 0.06722689075630252 0.09663865546218486 0.052521008403361345 0.06722689075630252 0.11134453781512604 
comments_watch%3Fv=QkW-0ewjiJw_reordered.txt_comments_watch%3Fv=QkW-0ewjiJw_reordered.txt_103	0.0576036866359447 0.0576036866359447 0.10599078341013825 0.08986175115207373 0.0576036866359447 0.0576036866359447 0.0576036866359447 0.0576036866359447 0.10599078341013825 0.10599078341013825 0.0576036866359447 0.0576036866359447 0.0576036866359447 0.07373271889400922 
comments_watch%3Fv=QkW-0ewjiJw_reordered.txt_comments_watch%3Fv=QkW-0ewjiJw_reordered.txt_104	0.05936920222634508 0.05936920222634508 0.0463821892393321 0.12430426716141002 0.0463821892393321 0.05936920222634508 0.12430426716141002 0.05936920222634508 0.0463821892393321 0.07235621521335807 0.07235621521335807 0.05936920222634508 0.0463821892393321 0.12430426716141002 
comments_watch%3Fv=QkW-0ewjiJw_reordered.txt_comments_watch%3Fv=QkW-0ewjiJw_reordered.txt_105	0.052545155993431854 0.052545155993431854 0.052545155993431854 0.0870279146141215 0.06403940886699507 0.11001642036124794 0.04105090311986864 0.052545155993431854 0.052545155993431854 0.052545155993431854 0.052545155993431854 0.12151067323481116 0.0870279146141215 0.12151067323481116 
comments_watch%3Fv=QkW-0ewjiJw_reordered.txt_comments_watch%3Fv=QkW-0ewjiJw_reordered.txt_106	0.051759834368530024 0.09523809523809523 0.08074534161490683 0.051759834368530024 0.06625258799171842 0.06625258799171842 0.06625258799171842 0.06625258799171842 0.09523809523809523 0.06625258799171842 0.08074534161490683 0.06625258799171842 0.08074534161490683 0.06625258799171842 
